10_Geography_EDIT_TERRAIN_HERE|(0.0000, 0.0000, 0.0000)|(0.0000, 0.0000, 0.0000, 1.0000)|(1.0000, 1.0000, 1.0000)
01_CoastalTerrain|(-130.0000, -10.0000, -90.0000)|(0.0000, 0.0000, 0.0000, 1.0000)|(1.0000, 1.0000, 1.0000)
10_CompactMountain|(0.0000, 0.0000, 0.0000)|(0.0000, 0.0000, 0.0000, 1.0000)|(1.0000, 1.0000, 1.0000)
Main_SouthBody|(0.0000, 0.0000, 0.0000)|(0.0000, 0.0000, 0.0000, 1.0000)|(1.0000, 1.0000, 1.0000)
Halfway_JoinedFront|(0.0000, 0.0000, 0.0000)|(0.0000, 0.0000, 0.0000, 1.0000)|(1.0000, 1.0000, 1.0000)
Halfway_WestShoulder|(0.0000, 0.0000, 0.0000)|(0.0000, 0.0000, 0.0000, 1.0000)|(1.0000, 1.0000, 1.0000)
North_AscentBody|(0.0000, 0.0000, 0.0000)|(0.0000, 0.0000, 0.0000, 1.0000)|(1.0000, 1.0000, 1.0000)
West_RockFlank|(0.0000, 0.0000, 0.0000)|(0.0000, 0.0000, 0.0000, 1.0000)|(1.0000, 1.0000, 1.0000)
Rear_FoldedRidge|(0.0000, 0.0000, 0.0000)|(0.0000, 0.0000, 0.0000, 1.0000)|(1.0000, 1.0000, 1.0000)
East_SummitSupport|(0.0000, 0.0000, 0.0000)|(0.0000, 0.0000, 0.0000, 1.0000)|(1.0000, 1.0000, 1.0000)
Beach_OccludingButtress|(0.0000, 0.0000, 0.0000)|(0.0000, 0.0000, 0.0000, 1.0000)|(1.0000, 1.0000, 1.0000)
Tip_LowerButtress|(0.0000, 0.0000, 0.0000)|(0.0000, 0.0000, 0.0000, 1.0000)|(1.0000, 1.0000, 1.0000)
Summit_CompactPoint|(0.0000, 0.0000, 0.0000)|(0.0000, 0.0000, 0.0000, 1.0000)|(1.0000, 1.0000, 1.0000)
Beach_BroadRockSlope|(0.0000, 0.0000, 0.0000)|(0.0000, 0.0000, 0.0000, 1.0000)|(1.0000, 1.0000, 1.0000)
11_CoastalLandmarks|(0.0000, 0.0000, 0.0000)|(0.0000, 0.0000, 0.0000, 1.0000)|(1.0000, 1.0000, 1.0000)
Halfway_JoinedArea|(-3.0000, 41.0000, 121.0000)|(0.0000, 0.0000, 0.0000, 1.0000)|(1.0000, 1.0000, 1.0000)
HiddenBeach_LevelArea|(58.0000, 0.0000, 155.0000)|(0.0000, 0.0000, 0.0000, 1.0000)|(1.0000, 1.0000, 1.0000)
Summit_Point|(57.0000, 75.0000, 148.0000)|(0.0000, 0.0000, 0.0000, 1.0000)|(1.0000, 1.0000, 1.0000)